51
0
2,3,57,43
0
2,3,48,2
0
2,3,58,33
0
2,3,53,431
0
2,3,54,154
30000
2,3,61,2
0
2,0,0,0
41932000
2,3,57,4294967295
91000
2,0,0,0
1771052000
2,3,57,44
30000
2,3,48,4
0
2,3,58,39
0
2,3,53,457
0
2,3,54,58
0
2,0,0,0
107532000
2,3,57,4294967295
122000
2,0,0,0
1409492000
2,3,57,45
30000
2,3,48,3
0
2,3,58,45
0
2,3,53,237
0
2,3,54,625
0
2,0,0,0
115383000
2,3,57,4294967295
153000
2,0,0,0
86392000
2,3,57,46
31000
2,3,48,4
0
2,3,58,56
0
2,3,53,246
0
2,3,54,617
0
2,3,61,1
0
2,0,0,0
95884000
2,3,57,4294967295
122000
2,0,0,0
1885819000
2,3,57,47
0
2,3,48,2
0
2,3,58,27
0
2,3,53,460
0
2,3,54,63
0
2,3,61,2
0
2,0,0,0
155548000
2,3,57,4294967295
152000
2,0,0,0
4105286000
2,3,57,48
0
2,3,48,3
0
2,3,58,43
0
2,3,53,365
0
2,3,54,78
0
2,0,0,0
95275000
2,3,57,4294967295
122000
2,0,0,0

